classifier/positive_total/1608567101.jpg 5 85 183 52 77 180 211 61 93 267 219 54 94 350 191 38 61 715 237 47 84
classifier/positive_total/1608567118.jpg 7 0 321 151 190 380 193 36 66 437 188 29 56 491 181 28 53 636 184 23 47 648 197 33 65 895 187 46 75
classifier/positive_total/1608567126.jpg 3 3 245 139 170 302 202 71 116 674 198 53 99
classifier/positive_total/1608567139.jpg 7 266 146 27 45 290 140 29 52 419 141 25 45 464 137 29 53 639 142 23 43 676 169 49 98 871 168 52 78
classifier/positive_total/1608567148.jpg 9 55 161 53 63 143 242 96 123 748 267 141 189 790 163 76 100 650 86 31 51 534 85 29 50 413 129 37 63 301 111 35 59 249 100 34 54
classifier/positive_total/1608567177.jpg 3 84 180 38 57 403 217 34 56 663 174 31 67
classifier/positive_total/1608567260.jpg 1 322 192 72 121
classifier/positive_total/1608567288.jpg 3 260 157 40 66 650 172 33 71 960 172 44 52
classifier/positive_total/1608567296.jpg 4 65 183 66 105 652 212 75 128 621 113 30 52 686 93 36 61
classifier/positive_total/1608567303.jpg 4 122 90 73 110 411 156 32 44 850 228 93 102 876 173 48 63
classifier/positive_total/1608567311.jpg 3 278 125 34 58 298 131 41 67 670 201 42 80
classifier/positive_total/1608567321.jpg 4 126 233 41 60 165 217 51 81 556 294 31 63 776 243 26 44
classifier/positive_total/1608567326.jpg 2 214 190 45 56 661 178 26 53
classifier/positive_total/1608567339.jpg 4 2 213 89 116 64 181 54 70 806 207 82 114 892 179 44 67
classifier/positive_total/1608567358.jpg 1 314 158 43 85
classifier/positive_total/1608567445.jpg 1 661 142 18 35
classifier/positive_total/1608567456.jpg 8 222 212 71 89 232 158 34 61 206 148 30 47 490 139 23 47 657 181 31 53 711 196 42 75 799 164 40 79 869 140 37 61
classifier/positive_total/1608567463.jpg 12 119 273 141 176 452 169 57 105 139 144 57 75 281 143 35 66 304 118 25 37 246 121 30 40 206 122 37 47 425 115 34 52 523 108 25 44 619 116 30 55 640 124 39 81 764 118 35 60
classifier/positive_total/1608567475.jpg 8 55 349 133 167 311 155 49 79 243 99 36 62 214 91 30 53 397 139 48 71 504 140 37 63 605 105 21 42 683 211 77 108
classifier/positive_total/1608567501.jpg 1 369 120 32 58
classifier/positive_total/1608567522.jpg 9 89 229 88 114 33 146 73 86 65 81 46 60 123 88 43 65 151 56 34 52 451 81 38 66 513 154 71 137 640 67 17 37 650 76 22 52
classifier/positive_total/1608567527.jpg 7 98 322 256 327 280 162 34 43 503 160 28 52 643 170 32 65 775 164 39 69 810 178 31 52 870 254 89 119
classifier/positive_total/1608567606.jpg 1 595 216 29 56
classifier/positive_total/1608567613.jpg 3 126 217 52 69 337 196 43 70 749 160 30 58
classifier/positive_total/1608567623.jpg 4 59 149 47 53 283 155 36 51 507 178 20 39 611 190 23 44
classifier/positive_total/1608567637.jpg 3 123 165 31 49 714 181 66 122 765 122 32 53
classifier/positive_total/1608567644.jpg 3 364 190 30 43 414 181 26 49 842 123 88 119
classifier/positive_total/1608567655.jpg 3 30 233 79 92 216 190 25 41 807 137 50 86
classifier/positive_total/1608567665.jpg 2 411 135 29 58 676 109 26 54
classifier/positive_total/1608567702.jpg 1 244 29 50 76
classifier/positive_total/1608567710.jpg 2 272 144 27 44 360 154 37 61
classifier/positive_total/1608567723.jpg 5 227 130 33 49 537 156 27 48 727 148 28 57 816 145 32 63 847 142 27 66
classifier/positive_total/1608567730.jpg 4 460 191 38 67 577 170 29 54 774 136 25 51 804 186 65 95
classifier/positive_total/1608625883.jpg 8 48 225 59 77 65 180 37 57 395 211 47 83 770 247 115 182 630 145 30 50 680 140 29 48 758 144 25 41 922 149 48 64
classifier/positive_total/1608625898.jpg 7 67 144 60 86 205 146 44 65 482 164 44 84 589 152 32 56 656 172 25 39 689 155 35 58 815 225 49 70
classifier/positive_total/1608625906.jpg 7 265 176 54 86 284 120 36 55 389 126 28 57 443 138 31 48 565 152 21 33 657 150 22 42 647 191 38 69
classifier/positive_total/1608625955.jpg 10 20 186 33 43 59 219 45 58 332 177 29 47 536 180 19 37 562 214 34 64 682 207 27 44 692 175 18 34 788 225 45 73 818 192 20 33 837 214 46 80
classifier/positive_total/1608625979.jpg 7 119 236 86 126 124 163 33 42 289 164 35 59 371 160 23 40 392 169 30 53 705 208 47 82 772 180 45 69
classifier/positive_total/1608625991.jpg 7 12 90 43 53 145 116 36 55 452 187 51 84 508 149 24 51 632 221 63 112 692 167 30 65 748 184 31 49
classifier/positive_total/1608626005.jpg 8 55 239 112 141 266 206 44 62 239 156 33 47 278 161 32 51 549 137 25 47 598 188 43 77 695 114 31 56 823 247 103 144
classifier/positive_total/1608626029.jpg 1 449 224 22 34
classifier/positive_total/1608626113.jpg 2 167 162 32 49 410 141 20 39
classifier/positive_total/1608626131.jpg 1 218 230 32 46
classifier/positive_total/1608626138.jpg 1 423 124 37 61
classifier/positive_total/1608626185.jpg 3 658 124 19 39 355 164 31 56 772 217 114 168
classifier/positive_total/1608626199.jpg 2 460 170 41 75 778 121 29 61
classifier/positive_total/1608626217.jpg 3 341 128 25 43 597 121 20 45 750 122 29 51
classifier/positive_total/1608626222.jpg 2 327 199 54 104 414 148 31 55
classifier/positive_total/1608626228.jpg 4 262 176 50 81 739 413 200 287 558 132 31 53 599 115 26 44
classifier/positive_total/1608626235.jpg 3 47 312 130 175 295 168 51 92 795 96 45 77
classifier/positive_total/1608626247.jpg 2 512 107 28 49 708 140 44 86
classifier/positive_total/1608626269.jpg 3 253 281 52 109 633 280 48 95 868 277 31 68
classifier/positive_total/1608626278.jpg 3 79 247 89 129 308 166 35 57 681 142 25 51
classifier/positive_total/1608626298.jpg 3 106 228 92 126 691 168 52 93 556 150 27 47
classifier/positive_total/1608626345.jpg 9 257 209 80 117 107 170 82 103 49 130 63 82 234 75 43 61 360 118 40 74 621 51 23 53 684 64 29 58 766 77 41 65 800 105 39 70
classifier/positive_total/1608626409.jpg 1 568 212 32 63
classifier/positive_total/1608626412.jpg 1 338 213 56 95
classifier/positive_total/1608626431.jpg 2 566 171 24 49 846 164 25 43
classifier/positive_total/1608626434.jpg 3 354 196 40 68 178 150 31 43 478 139 20 36
classifier/positive_total/1608626442.jpg 2 141 131 46 64 618 176 28 60
classifier/positive_total/1608626447.jpg 6 159 168 102 159 69 117 44 58 513 170 30 64 380 147 23 41 823 195 32 59 847 159 29 41
classifier/positive_total/1608626456.jpg 2 114 156 93 150 389 141 30 54
classifier/positive_total/1608626468.jpg 4 121 192 66 88 474 164 29 65 779 134 28 49 728 196 73 114
classifier/positive_total/1608626488.jpg 1 82 256 55 75
classifier/positive_total/1608626497.jpg 1 605 121 41 80
