positive\1608567101.jpg 5 85 183 52 77 180 211 61 93 267 219 54 94 350 191 38 61 715 237 47 84
positive\1608567118.jpg 7 0 321 151 190 380 193 36 66 437 188 29 56 491 181 28 53 636 184 23 47 648 197 33 65 895 187 46 75
positive\1608567126.jpg 3 3 245 139 170 302 202 71 116 674 198 53 99
positive\1608567139.jpg 7 266 146 27 45 290 140 29 52 419 141 25 45 464 137 29 53 639 142 23 43 676 169 49 98 871 168 52 78
positive\1608567148.jpg 9 55 161 53 63 143 242 96 123 748 267 141 189 790 163 76 100 650 86 31 51 534 85 29 50 413 129 37 63 301 111 35 59 249 100 34 54
positive\1608567177.jpg 3 84 180 38 57 403 217 34 56 663 174 31 67
positive\1608567260.jpg 1 322 192 72 121
positive\1608567288.jpg 3 260 157 40 66 650 172 33 71 960 172 44 52
positive\1608567296.jpg 4 65 183 66 105 652 212 75 128 621 113 30 52 686 93 36 61
positive\1608567303.jpg 4 122 90 73 110 411 156 32 44 850 228 93 102 876 173 48 63
positive\1608567311.jpg 3 278 125 34 58 298 131 41 67 670 201 42 80
positive\1608567321.jpg 4 126 233 41 60 165 217 51 81 556 294 31 63 776 243 26 44
positive\1608567326.jpg 2 214 190 45 56 661 178 26 53
positive\1608567339.jpg 4 2 213 89 116 64 181 54 70 806 207 82 114 892 179 44 67
positive\1608567358.jpg 1 314 158 43 85
positive\1608567445.jpg 1 661 142 18 35
positive\1608567456.jpg 8 222 212 71 89 232 158 34 61 206 148 30 47 490 139 23 47 657 181 31 53 711 196 42 75 799 164 40 79 869 140 37 61
positive\1608567463.jpg 12 119 273 141 176 452 169 57 105 139 144 57 75 281 143 35 66 304 118 25 37 246 121 30 40 206 122 37 47 425 115 34 52 523 108 25 44 619 116 30 55 640 124 39 81 764 118 35 60
positive\1608567475.jpg 8 55 349 133 167 311 155 49 79 243 99 36 62 214 91 30 53 397 139 48 71 504 140 37 63 605 105 21 42 683 211 77 108
positive\1608567501.jpg 1 369 120 32 58
positive\1608567522.jpg 9 89 229 88 114 33 146 73 86 65 81 46 60 123 88 43 65 151 56 34 52 451 81 38 66 513 154 71 137 640 67 17 37 650 76 22 52
positive\1608567527.jpg 7 98 322 256 327 280 162 34 43 503 160 28 52 643 170 32 65 775 164 39 69 810 178 31 52 870 254 89 119
positive\1608567606.jpg 1 595 216 29 56
positive\1608567613.jpg 3 126 217 52 69 337 196 43 70 749 160 30 58
positive\1608567623.jpg 4 59 149 47 53 283 155 36 51 507 178 20 39 611 190 23 44
positive\1608567637.jpg 3 123 165 31 49 714 181 66 122 765 122 32 53
positive\1608567644.jpg 3 364 190 30 43 414 181 26 49 842 123 88 119
positive\1608567655.jpg 3 30 233 79 92 216 190 25 41 807 137 50 86
positive\1608567665.jpg 2 411 135 29 58 676 109 26 54
positive\1608567702.jpg 1 244 29 50 76
positive\1608567710.jpg 2 272 144 27 44 360 154 37 61
positive\1608567723.jpg 5 227 130 33 49 537 156 27 48 727 148 28 57 816 145 32 63 847 142 27 66
positive\1608567730.jpg 4 460 191 38 67 577 170 29 54 774 136 25 51 804 186 65 95
